-9.779999999999999716e+01 1.399999999999999911e+00
-1.680000000000000071e+01 1.899999999999999911e+00
7.140000000000000568e+01 1.500000000000000000e+00
7.070000000000000284e+01 1.500000000000000000e+00
-1.689999999999999858e+01 2.100000000000000089e+00
-9.900000000000000355e+00 1.800000000000000044e+00
-5.250000000000000000e+01 1.699999999999999956e+00
-2.210000000000000142e+01 3.600000000000000089e+00
6.440000000000000568e+01 1.699999999999999956e+00
-7.479999999999999716e+01 1.899999999999999911e+00
6.700000000000000000e+01 1.800000000000000044e+00
3.650000000000000000e+01 1.500000000000000000e+00
