1.100000000000000000e+01 3.250000000000000000e+01
-9.920000000000000284e+01 5.599999999999999645e+00
2.061999999999999886e+02 7.799999999999999822e+00
1.664000000000000057e+02 6.900000000000000355e+00
-1.425999999999999943e+02 6.799999999999999822e+00
4.000000000000000000e+00 4.379999999999999716e+01
-1.841999999999999886e+02 8.300000000000000711e+00
1.085000000000000000e+02 6.700000000000000178e+00
-1.349000000000000057e+02 1.219999999999999929e+01
5.099999999999999645e+00 5.320000000000000284e+01
1.795999999999999943e+02 6.500000000000000000e+00
2.036999999999999886e+02 7.000000000000000000e+00
