2.489999999999999858e+01 5.999999999999999778e-01
-1.819999999999999929e+01 5.999999999999999778e-01
-3.100000000000000000e+01 5.999999999999999778e-01
3.000000000000000000e+00 5.999999999999999778e-01
-5.299999999999999822e+00 1.100000000000000089e+00
-2.810000000000000142e+01 1.000000000000000000e+00
1.839999999999999858e+01 5.999999999999999778e-01
-1.509999999999999964e+01 5.999999999999999778e-01
1.900000000000000000e+01 5.999999999999999778e-01
4.170000000000000284e+01 5.000000000000000000e-01
-2.960000000000000142e+01 5.999999999999999778e-01
-1.989999999999999858e+01 2.000000000000000000e+00
