-1.000000000000000000e+00 1.399999999999999911e+00
-1.450000000000000000e+01 1.899999999999999911e+00
1.700000000000000000e+01 1.800000000000000044e+00
2.600000000000000089e+00 2.899999999999999911e+00
3.579999999999999716e+01 2.500000000000000000e+00
2.319999999999999929e+01 1.600000000000000089e+00
1.369999999999999929e+01 3.000000000000000000e+00
-7.100000000000000000e+01 4.099999999999999645e+00
-1.184000000000000057e+02 2.799999999999999822e+00
3.700000000000000178e+00 1.500000000000000000e+00
2.489999999999999858e+01 1.800000000000000044e+00
2.960000000000000142e+01 1.600000000000000089e+00
